%Atmospheric Pressure [Pa],Atmospheric Temperature [K],Atmospheric Density [kg/m^3],Airspeed [m/s],Pitot Dynamic Pressure [Pa],Aux Dynamic Pressure [Pa],Scanivalve Pressure 1 [Pa],Scanivalve Pressure 2 [Pa],Scanivalve Pressure 3 [Pa],Scanivalve Pressure 4 [Pa],Scanivalve Pressure 5 [Pa],Scanivalve Pressure 6 [Pa],Scanivalve Pressure 7 [Pa],Scanivalve Pressure 8 [Pa],Scanivalve Pressure 9 [Pa],Scanivalve Pressure 10 [Pa],Scanivalve Pressure 11 [Pa],Scanivalve Pressure 12 [Pa],Scanivalve Pressure 13 [Pa],Scanivalve Pressure 14 [Pa],Scanivalve Pressure 15 [Pa],Scanivalve Pressure 16 [Pa],Angle of Attack [deg],Sting Normal Force [N],Sting Axial Force [N],Sting Pitching Moment [Nm],ELD Probe X axis [mm],ELD Probe Y axis [mm]
101919.108,301.369,1.178,14.971,132.033,-0.272,0.000,0.000,0.000,0.000,0.000,0.000,0.000,0.000,0.000,0.000,0.000,0.000,0.000,0.000,0.000,0.000,0.000,0.060,0.507,0.000,-0.000,-0.000
101919.108,301.366,1.178,14.967,131.954,-0.272,0.000,0.000,0.000,0.000,0.000,0.000,0.000,0.000,0.000,0.000,0.000,0.000,0.000,0.000,0.000,0.000,0.000,0.002,0.487,-0.000,-0.000,-0.000
101927.164,301.369,1.178,14.962,131.875,-0.112,0.000,0.000,0.000,0.000,0.000,0.000,0.000,0.000,0.000,0.000,0.000,0.000,0.000,0.000,0.000,0.000,0.000,0.002,0.466,0.000,-0.000,-0.000
101923.136,301.371,1.178,14.949,131.638,0.528,0.000,0.000,0.000,0.000,0.000,0.000,0.000,0.000,0.000,0.000,0.000,0.000,0.000,0.000,0.000,0.000,0.000,0.002,0.487,0.001,-0.000,-0.000
101907.024,301.371,1.178,14.959,131.796,0.208,0.000,0.000,0.000,0.000,0.000,0.000,0.000,0.000,0.000,0.000,0.000,0.000,0.000,0.000,0.000,0.000,0.000,0.060,0.497,0.000,-0.000,-0.000
101919.108,301.369,1.178,14.967,131.954,0.048,0.000,0.000,0.000,0.000,0.000,0.000,0.000,0.000,0.000,0.000,0.000,0.000,0.000,0.000,0.000,0.000,0.000,0.041,0.456,0.001,-0.000,-0.000
101919.108,301.369,1.178,14.935,131.401,0.048,0.000,0.000,0.000,0.000,0.000,0.000,0.000,0.000,0.000,0.000,0.000,0.000,0.000,0.000,0.000,0.000,0.000,0.002,0.477,0.000,-0.000,-0.000
101923.136,301.371,1.178,14.962,131.875,0.048,0.000,0.000,0.000,0.000,0.000,0.000,0.000,0.000,0.000,0.000,0.000,0.000,0.000,0.000,0.000,0.000,0.000,0.041,0.477,0.000,-0.000,-0.000
101915.080,301.368,1.178,14.936,131.401,-0.112,0.000,0.000,0.000,0.000,0.000,0.000,0.000,0.000,0.000,0.000,0.000,0.000,0.000,0.000,0.000,0.000,0.000,0.002,0.477,0.000,-0.000,-0.000
101915.080,301.365,1.178,14.949,131.638,0.048,0.000,0.000,0.000,0.000,0.000,0.000,0.000,0.000,0.000,0.000,0.000,0.000,0.000,0.000,0.000,0.000,0.000,0.002,0.466,0.001,-0.000,-0.000
101919.108,301.368,1.178,14.926,131.243,0.048,0.000,0.000,0.000,0.000,0.000,0.000,0.000,0.000,0.000,0.000,0.000,0.000,0.000,0.000,0.000,0.000,0.000,0.002,0.487,0.000,-0.000,-0.000
101919.108,301.368,1.178,14.944,131.559,0.368,0.000,0.000,0.000,0.000,0.000,0.000,0.000,0.000,0.000,0.000,0.000,0.000,0.000,0.000,0.000,0.000,0.000,0.021,0.497,0.000,-0.000,-0.000
101927.164,301.373,1.178,14.935,131.401,0.208,0.000,0.000,0.000,0.000,0.000,0.000,0.000,0.000,0.000,0.000,0.000,0.000,0.000,0.000,0.000,0.000,0.000,0.041,0.477,0.001,-0.000,-0.000
101927.164,301.373,1.178,14.944,131.559,0.208,0.000,0.000,0.000,0.000,0.000,0.000,0.000,0.000,0.000,0.000,0.000,0.000,0.000,0.000,0.000,0.000,0.000,-0.017,0.466,0.001,-0.000,-0.000
101927.164,301.371,1.178,14.944,131.559,0.208,0.000,0.000,0.000,0.000,0.000,0.000,0.000,0.000,0.000,0.000,0.000,0.000,0.000,0.000,0.000,0.000,0.000,0.041,0.487,-0.001,-0.000,-0.000
101931.192,301.369,1.178,14.943,131.559,0.048,0.000,0.000,0.000,0.000,0.000,0.000,0.000,0.000,0.000,0.000,0.000,0.000,0.000,0.000,0.000,0.000,0.000,0.002,0.477,0.001,-0.000,-0.000
101919.108,301.365,1.178,14.949,131.638,0.048,0.000,0.000,0.000,0.000,0.000,0.000,0.000,0.000,0.000,0.000,0.000,0.000,0.000,0.000,0.000,0.000,0.000,0.021,0.477,0.000,-0.000,-0.000
101919.108,301.368,1.178,14.926,131.243,0.368,0.000,0.000,0.000,0.000,0.000,0.000,0.000,0.000,0.000,0.000,0.000,0.000,0.000,0.000,0.000,0.000,0.000,0.002,0.466,0.001,-0.000,-0.000
101919.108,301.368,1.178,14.931,131.322,0.048,0.000,0.000,0.000,0.000,0.000,0.000,0.000,0.000,0.000,0.000,0.000,0.000,0.000,0.000,0.000,0.000,0.000,0.041,0.477,0.001,-0.000,-0.000
101939.248,301.361,1.178,14.938,131.480,0.368,0.000,0.000,0.000,0.000,0.000,0.000,0.000,0.000,0.000,0.000,0.000,0.000,0.000,0.000,0.000,0.000,0.000,0.021,0.487,0.001,-0.000,-0.000
101931.192,301.365,1.178,20.132,238.790,0.208,0.000,0.000,0.000,0.000,0.000,0.000,0.000,0.000,0.000,0.000,0.000,0.000,0.000,0.000,0.000,0.000,0.000,0.021,0.903,0.001,-0.000,-0.000
101931.192,301.368,1.178,20.129,238.711,-0.112,0.000,0.000,0.000,0.000,0.000,0.000,0.000,0.000,0.000,0.000,0.000,0.000,0.000,0.000,0.000,0.000,0.000,0.002,0.893,0.001,-0.000,-0.000
101923.136,301.366,1.178,20.123,238.553,0.048,0.000,0.000,0.000,0.000,0.000,0.000,0.000,0.000,0.000,0.000,0.000,0.000,0.000,0.000,0.000,0.000,0.000,0.002,0.924,0.001,-0.000,-0.000
101927.164,301.365,1.178,20.126,238.632,0.048,0.000,0.000,0.000,0.000,0.000,0.000,0.000,0.000,0.000,0.000,0.000,0.000,0.000,0.000,0.000,0.000,0.000,0.002,0.903,0.001,-0.000,-0.000
101923.136,301.352,1.178,20.139,238.948,0.048,0.000,0.000,0.000,0.000,0.000,0.000,0.000,0.000,0.000,0.000,0.000,0.000,0.000,0.000,0.000,0.000,0.000,0.041,0.903,0.001,-0.000,-0.000
101923.136,301.368,1.178,20.137,238.869,0.208,0.000,0.000,0.000,0.000,0.000,0.000,0.000,0.000,0.000,0.000,0.000,0.000,0.000,0.000,0.000,0.000,0.000,0.021,0.883,0.001,-0.000,-0.000
101927.164,301.363,1.178,20.129,238.711,0.208,0.000,0.000,0.000,0.000,0.000,0.000,0.000,0.000,0.000,0.000,0.000,0.000,0.000,0.000,0.000,0.000,0.000,0.021,0.893,0.000,-0.000,-0.000
101927.164,301.368,1.178,20.140,238.948,0.208,0.000,0.000,0.000,0.000,0.000,0.000,0.000,0.000,0.000,0.000,0.000,0.000,0.000,0.000,0.000,0.000,0.000,0.021,0.903,0.001,-0.000,-0.000
101919.108,301.365,1.178,20.127,238.632,0.048,0.000,0.000,0.000,0.000,0.000,0.000,0.000,0.000,0.000,0.000,0.000,0.000,0.000,0.000,0.000,0.000,0.000,0.060,0.893,0.001,-0.000,-0.000
101919.108,301.366,1.178,20.134,238.790,0.208,0.000,0.000,0.000,0.000,0.000,0.000,0.000,0.000,0.000,0.000,0.000,0.000,0.000,0.000,0.000,0.000,0.000,0.041,0.903,0.001,-0.000,-0.000
101915.080,301.369,1.178,20.127,238.632,0.208,0.000,0.000,0.000,0.000,0.000,0.000,0.000,0.000,0.000,0.000,0.000,0.000,0.000,0.000,0.000,0.000,0.000,0.002,0.883,0.000,-0.000,-0.000
101915.080,301.366,1.178,20.117,238.395,-0.112,0.000,0.000,0.000,0.000,0.000,0.000,0.000,0.000,0.000,0.000,0.000,0.000,0.000,0.000,0.000,0.000,0.000,0.041,0.883,0.000,-0.000,-0.000
101923.136,301.368,1.178,20.137,238.869,0.048,0.000,0.000,0.000,0.000,0.000,0.000,0.000,0.000,0.000,0.000,0.000,0.000,0.000,0.000,0.000,0.000,0.000,0.021,0.883,0.000,-0.000,-0.000
101927.164,301.373,1.178,20.140,238.948,0.368,0.000,0.000,0.000,0.000,0.000,0.000,0.000,0.000,0.000,0.000,0.000,0.000,0.000,0.000,0.000,0.000,0.000,0.041,0.903,0.000,-0.000,-0.000
101915.080,301.369,1.178,20.151,239.185,0.208,0.000,0.000,0.000,0.000,0.000,0.000,0.000,0.000,0.000,0.000,0.000,0.000,0.000,0.000,0.000,0.000,0.000,0.021,0.883,0.001,-0.000,-0.000
101927.164,301.369,1.178,20.136,238.869,0.048,0.000,0.000,0.000,0.000,0.000,0.000,0.000,0.000,0.000,0.000,0.000,0.000,0.000,0.000,0.000,0.000,0.000,0.021,0.873,-0.001,-0.000,-0.000
101919.108,301.368,1.178,20.137,238.869,-0.112,0.000,0.000,0.000,0.000,0.000,0.000,0.000,0.000,0.000,0.000,0.000,0.000,0.000,0.000,0.000,0.000,0.000,0.002,0.873,0.001,-0.000,-0.000
101915.080,301.368,1.178,20.134,238.790,-0.272,0.000,0.000,0.000,0.000,0.000,0.000,0.000,0.000,0.000,0.000,0.000,0.000,0.000,0.000,0.000,0.000,0.000,0.021,0.883,-0.000,-0.000,-0.000
101919.108,301.368,1.178,20.140,238.948,0.048,0.000,0.000,0.000,0.000,0.000,0.000,0.000,0.000,0.000,0.000,0.000,0.000,0.000,0.000,0.000,0.000,0.000,0.041,0.883,0.000,-0.000,-0.000
101915.080,301.371,1.178,20.144,239.027,0.048,0.000,0.000,0.000,0.000,0.000,0.000,0.000,0.000,0.000,0.000,0.000,0.000,0.000,0.000,0.000,0.000,0.000,0.021,0.893,0.001,-0.000,-0.000
101923.136,301.353,1.178,24.909,365.525,0.048,0.000,0.000,0.000,0.000,0.000,0.000,0.000,0.000,0.000,0.000,0.000,0.000,0.000,0.000,0.000,0.000,0.000,0.041,1.289,0.000,-0.000,-0.000
101931.192,301.353,1.178,24.908,365.525,-0.112,0.000,0.000,0.000,0.000,0.000,0.000,0.000,0.000,0.000,0.000,0.000,0.000,0.000,0.000,0.000,0.000,0.000,0.041,1.249,-0.000,-0.000,-0.000
101931.192,301.357,1.178,24.903,365.367,-0.112,0.000,0.000,0.000,0.000,0.000,0.000,0.000,0.000,0.000,0.000,0.000,0.000,0.000,0.000,0.000,0.000,0.000,-0.017,1.289,0.000,-0.000,-0.000
101927.164,301.357,1.178,24.898,365.209,-0.272,0.000,0.000,0.000,0.000,0.000,0.000,0.000,0.000,0.000,0.000,0.000,0.000,0.000,0.000,0.000,0.000,0.000,0.002,1.269,0.001,-0.000,-0.000
101931.192,301.355,1.178,24.886,364.893,-0.432,0.000,0.000,0.000,0.000,0.000,0.000,0.000,0.000,0.000,0.000,0.000,0.000,0.000,0.000,0.000,0.000,0.000,0.041,1.300,0.001,-0.000,-0.000
101931.192,301.357,1.178,24.884,364.814,0.048,0.000,0.000,0.000,0.000,0.000,0.000,0.000,0.000,0.000,0.000,0.000,0.000,0.000,0.000,0.000,0.000,0.000,0.021,1.300,0.000,-0.000,-0.000
101927.164,301.357,1.178,24.884,364.814,-0.112,0.000,0.000,0.000,0.000,0.000,0.000,0.000,0.000,0.000,0.000,0.000,0.000,0.000,0.000,0.000,0.000,0.000,0.021,1.279,0.001,-0.000,-0.000
101927.164,301.355,1.178,24.871,364.419,-0.112,0.000,0.000,0.000,0.000,0.000,0.000,0.000,0.000,0.000,0.000,0.000,0.000,0.000,0.000,0.000,0.000,0.000,0.021,1.300,0.001,-0.000,-0.000
101927.164,301.358,1.178,24.876,364.577,-0.272,0.000,0.000,0.000,0.000,0.000,0.000,0.000,0.000,0.000,0.000,0.000,0.000,0.000,0.000,0.000,0.000,0.000,0.021,1.300,-0.000,-0.000,-0.000
101923.136,301.358,1.178,24.863,364.182,-0.272,0.000,0.000,0.000,0.000,0.000,0.000,0.000,0.000,0.000,0.000,0.000,0.000,0.000,0.000,0.000,0.000,0.000,0.002,1.300,0.000,-0.000,-0.000
101931.192,301.360,1.178,24.865,364.261,-0.432,0.000,0.000,0.000,0.000,0.000,0.000,0.000,0.000,0.000,0.000,0.000,0.000,0.000,0.000,0.000,0.000,0.000,0.021,1.310,0.001,-0.000,-0.000
101927.164,301.353,1.178,24.852,363.866,0.048,0.000,0.000,0.000,0.000,0.000,0.000,0.000,0.000,0.000,0.000,0.000,0.000,0.000,0.000,0.000,0.000,0.000,0.002,1.269,0.000,-0.000,-0.000
101923.136,301.353,1.178,24.858,364.024,-0.272,0.000,0.000,0.000,0.000,0.000,0.000,0.000,0.000,0.000,0.000,0.000,0.000,0.000,0.000,0.000,0.000,0.000,0.041,1.289,0.001,-0.000,-0.000
101919.108,301.358,1.178,24.842,363.551,-0.432,0.000,0.000,0.000,0.000,0.000,0.000,0.000,0.000,0.000,0.000,0.000,0.000,0.000,0.000,0.000,0.000,0.000,0.021,1.279,0.001,-0.000,-0.000
101931.192,301.352,1.178,24.832,363.314,0.048,0.000,0.000,0.000,0.000,0.000,0.000,0.000,0.000,0.000,0.000,0.000,0.000,0.000,0.000,0.000,0.000,0.000,0.041,1.300,0.000,-0.000,-0.000
101935.220,301.357,1.178,24.832,363.314,-0.112,0.000,0.000,0.000,0.000,0.000,0.000,0.000,0.000,0.000,0.000,0.000,0.000,0.000,0.000,0.000,0.000,0.000,0.021,1.279,-0.000,-0.000,-0.000
101919.108,301.358,1.178,24.834,363.314,-0.272,0.000,0.000,0.000,0.000,0.000,0.000,0.000,0.000,0.000,0.000,0.000,0.000,0.000,0.000,0.000,0.000,0.000,0.021,1.289,-0.000,-0.000,-0.000
101931.192,301.361,1.178,24.835,363.393,-0.592,0.000,0.000,0.000,0.000,0.000,0.000,0.000,0.000,0.000,0.000,0.000,0.000,0.000,0.000,0.000,0.000,0.000,0.002,1.300,0.000,-0.000,-0.000
101923.136,301.361,1.178,24.820,362.919,-0.272,0.000,0.000,0.000,0.000,0.000,0.000,0.000,0.000,0.000,0.000,0.000,0.000,0.000,0.000,0.000,0.000,0.000,0.021,1.289,0.000,-0.000,-0.000
101931.192,301.358,1.178,24.814,362.761,-0.432,0.000,0.000,0.000,0.000,0.000,0.000,0.000,0.000,0.000,0.000,0.000,0.000,0.000,0.000,0.000,0.000,0.000,-0.017,1.289,0.000,-0.000,-0.000
